0,499
0,472
17,2
17,1
17,3
15,2
15,1
15,3
16,2
16,1
16,3
13,2
14,2
4,40
4,39
4,4
4,75
4,67
4,14
4,30
4,20
4,12
4,6
4,1
4,82
4,2
4,3
6,6
6,1
6,7
6,2
6,3
7,12
7,10
7,4
7,11
7,5
7,9
7,1
7,13
7,2
7,3
5,4
5,2
5,1
5,3
0,273
0,270
99,36
99,35
3,2
3,1
3,3
10,81
10,245
10,283
10,253
10,219
10,195
10,19
11,17
11,23
11,29
11,25
11,11
11,19
11,7
11,13
9,5
9,2
9,3
8,10
8,4
8,17
8,18
8,6
8,16
8,11
8,2
8,3
54,4
54,3
54,2
54,1
54,0
50,4
50,3
50,2
50,1
50,0
49,3
49,2
49,1
49,0
47,5
47,4
47,3
47,2
47,1
47,0
46,4
46,3
46,2
46,1
46,0
44,5
44,4
44,3
44,2
44,1
44,0
41,5
41,4
41,3
41,2
41,1
41,0
39,5
39,3
39,1
37,3
37,1
35,3
